9
6
1.1949221876383075E308
5.994295934988159E307
8.371259158276747E307
3.813778618561338E307
1.0818573957795555E308
9.12332767031025E307
8.282513547398579E307
4.260676455131155E307
1.230446534442777E308
1.1930004922384053E308
4.3627926383915953E307
1.5146665301408457E308
1.5392211887278588E308
1.23516476883201E308
5.570592385224201E307
1.5525736403425147E308
1.1818735917863855E308
1.706269225777505E308
1.2726131399342173E308
7.878633062143203E307
8.041478168687353E307
9.187653026332158E307
3.8025206544848337E307
2.4423416260548513E305
2.3679940717942157E307
1.456475589849466E308
5.173569072324493E307
1.1858289856343565E308
1.5882191264173938E307
9.248815730256233E307
6.990742111833171E307
1.1554134467841857E308
1.8307920136982285E307
1.0369997076828643E308
1.6573956667073496E308
2.973222529423363E307
3.0242255677321157E307
1.448074419361568E308
1.412390552203185E308
5.983510019610183E307
1.7181323946175875E307
5.127911326312892E307
1.3649751135787492E308
4.08710715131276E306
8.355505562804337E307
1.3311599573114695E308
1.3881748936013946E308
9.801514108019878E307
6.036558141087708E307
1.4557185979223197E308
1.1987487923463058E308
1.3082746287439518E308
2.1422114395855575E307
1.2889062488838507E308
